90001177
80001177
60001177
70001177
100001932
10000028
10000057
10000261
10004417
10004471
10004518
10004563
10004565
10004567
10004813
10009633
10009864
10010030
10000299
10010074
10010075
10010172
10010175
10010178
10010181
10010218
10010258
10010322
10010325
10000300
10010674
10010679
10010724
10010733
10010770
10010831
10011077
10011085
10011259
10011302
10000306
10011360
10011390
10011556
10011569
10011665
10011711
10011728
10011776
10011864
10011896
10000366
10011900
10011904
10011951
10012040
10012042
10012084
10012087
10012130
10012134
10012137
10000398
10012142
10012217
10012224
10012227
10012281
10012283
10012294
10012297
10012397
10012400
10000399
10012473
10012641
10012691
10012705
10012726
10012727
10012744
10012828
10012829
10012831
10000448
10012836
10012898
10012927
10012979
10013052
10013251
10013388
10013413
10013487
10013489
10000449
10013490
10013676
10013677
10013680
10013750
10013752
10013753
10013813
10013832
10013930
10000504
10013931
10013934
10013937
10014062
10014069
10014071
10014073
10014185
10014247
10014266
10000120
10000632
10014286
10014292
10014439
10014542
10014654
10014703
10014707
10014750
10014949
10015006
10000639
10015008
10015010
10015123
10015124
10015125
10015127
10015244
10015246
10015249
10015252
10000669
10015396
10015397
10015398
10015590
10015591
10015592
10015593
10015715
10015716
10015718
10000689
10015719
10015720
10015722
10015724
10015726
10015727
10015779
10015780
10015782
10015783
10000747
10015784
10015805
10015807
10015808
10015997
10016090
10016092
10016093
10016094
10016095
10000769
10016096
10016200
10016201
10016202
10016204
10016205
10016206
10016207
10016282
10016332
10000776
10016335
10016336
10016438
10016477
10016478
10016479
10016482
10016483
10016599
10016600
10000822
10016602
10016603
10016725
10016726
10016728
10016734
10016736
10016814
10016918
10016950
10000823
10016992
10016995
10016997
10017012
10017014
10017069
10017099
10017216
10017217
10017218
10000833
10017219
10017220
10017306
10017307
10017308
10017310
10017311
10017312
10017398
10017399
10000121
10000876
10017476
10017560
10017614
10017615
10017616
10017617
10017753
10017946
10017947
10017948
10001011
10017950
10017953
10018078
10018080
10018081
10018181
10018334
10018336
10018344
10018346
10001030
10018349
10018448
10018471
10018472
10018593
10018612
10018613
10018615
10018617
10018620
10001075
10018672
10018673
10018674
10018748
10018827
10018832
10018834
10018837
10018838
10018839
10001077
10018840
10018921
10018927
10018928
10019029
10019031
10019034
10019037
10019044
10019123
10001113
10019270
10019271
10019273
10019361
10019362
10019363
10019364
10019365
10019366
10019399
10001239
10019407
10019503
10019505
10019509
10019536
10019636
10019637
10019638
10019878
10019879
10001272
10019880
10019881
10019883
10019962
10019964
10020202
10020204
10020207
10020210
10020212
10001273
10020213
10020306
10020307
10020365
10020370
10020391
10020393
10020400
10020403
10020410
10001289
10020540
10020541
10020542
10020549
10020667
10020668
10020669
10020670
10020671
10020672
10000130
10001342
10020673
10020674
10020747
10020777
10020778
10020783
10020859
10020860
10020861
10020979
10001410
10021129
10021130
10021138
10021215
10021216
10021384
10021522
10021523
10021525
10021527
10001447
10021564
10021565
10021566
10021567
10021570
10021631
10021632
10021634
10021716
10001536
10001538
10001590
10001622
10001640
10001703
10001738
10000152
10001747
10001748
10001777
10001778
10001802
10001914
10001941
10002090
10002110
10002196
10000198
10002197
10002198
10002227
10002260
10002323
10002364
10002449
10002524
10002527
10002558
10000200
10002595
10002598
10002803
10002805
10002875
10003037
10003039
10003041
10003189
10003243
10000242
10003275
10003312
10003348
10003447
10003449
10003533
10003708
10003709
10003799
10003888
10000256
10003976
10003989
10004139
10004141
10004217
10004256
10004326
10004345
10004393
10004413
10000460
20000540
20000453
20000113
30000000
10013463
10002503
10002512
10013465
10002518
10013466
10002530
10013472
10013481
10002562
30000146
10013486
10002563
10020127
10002569
10020201
10002579
10013516
10002600
10002603
30000147
10002607
10013549
10002613
10013558
10002621
10019949
10002622
10013565
10013568
10002627
30000003
10002630
10002631
10002640
10013571
10013572
10013576
10002646
10002648
10002656
10002663
30000008
10002664
10013577
10002666
10002667
10002682
10002689
10013655
10002698
10002699
10013657
30000021
10013659
10002709
10013662
10002715
10002717
10002719
10002725
10002726
10002731
10013663
30000033
10002741
10021492
10002751
10002773
10002774
10013669
10002778
10002779
10002781
10002787
30000043
10002801
10002813
10002824
10013672
10002825
10002846
10002874
10002883
10013673
10002888
30000054
10002890
10012609
10002918
10002929
10002935
10002938
10002939
10002944
10002946
30000081
10002948
10002952
10002961
10013723
10002962
10002973
10002993
10003004
10003020
10003024
20000324
30000088
10013724
10003027
10003092
10013726
10003102
10003104
10003105
10003119
10003135
10003142
30000089
10003143
10003153
10003174
10003178
10003183
10003190
10021168
10003206
10003213
10003223
30000090
10003225
10003231
10003233
10003235
10003242
10013738
10003246
10003248
10003249
10003265
30000095
10003268
10003276
10003278
10003283
10003292
10003293
10003295
10003299
10003316
10003337
30000096
10003362
10003368
10003374
10003376
10003382
10003414
10003417
10003424
10003431
30000097
10003432
10003435
10003440
10017724
10003454
10013741
10003465
10013742
10003475
10013805
20000013
10013810
10003484
10003486
10003487
10003495
10003505
10003516
10003517
10003519
10003525
20000012
10003527
10003531
10003538
10003542
10003544
10003547
10003551
10003555
10003574
10003578
20000969
10003579
10003584
10003589
10003594
10003605
10003607
10003618
10003620
10003623
10003626
10016703
10003628
10003645
10003652
10003671
10003685
10003688
10003703
10003710
10003719
10013815
10019164
10021489
10016390
10003721
10000411
10003742
10003743
10003759
10003760
10013820
10003773
10003776
10021124
10013823
10003780
10000966
10003803
10003807
10003822
10003830
10003870
10003871
10003875
10021490
10013827
10003898
10003903
10003905
10003910
10003932
10003936
10003938
10003945
10020620
10021491
10003953
10003955
10003963
10003970
10003971
10018940
10003991
10003992
10003993
10003994
10012147
10004004
10000963
10004031
10004045
10004053
10004061
10016905
10004066
10004070
10004071
10002380
10004072
10004084
10004090
10004093
10004105
10000440
10004115
10004128
10004131
10004147
10010764
10004154
10016578
10004157
10004165
10004188
10004193
10013828
10004197
10004210
10004220
10020947
10004221
10000889
10004224
10004243
10004250
10004848
10004259
10004260
10004261
20000297
10004265
10004278
10004283
10004284
10013836
10004293
10004295
10013846
10004297
10004310
10001062
10018533
10004332
10004337
10013887
10013894
10004342
10004344
10013904
10013915
10004351
20000400
10021071
10004355
10004358
10013918
10004364
10004371
10013920
10019855
10004380
10013921
10004388
10012729
10004396
10004414
10004424
10004455
10004459
10004463
10013922
10004467
10004479
10013927
20000011
10013933
10004485
10004498
10004506
10004512
10004513
10020886
10004519
10013938
10004528
10000478
10004556
10004562
10004570
10014027
10004595
10014031
10014032
10004616
10004623
10004635
10020666
10014036
10004665
10014046
10004677
10014054
10004688
10004703
10014061
10004705
10004713
10020185
10004714
10004720
10004727
10014063
10004733
10004739
10004744
10014066
10004745
10004746
10020145
10004747
10004754
10004756
10004768
10014072
10004772
10004773
10014113
10004785
10014116
10013818
10004788
10004791
10004792
10004797
10004807
10004808
10014117
10004811
10004815
10004818
10016607
10004827
10009635
10009648
10009652
10009653
10009654
10009675
10009677
10009682
10009744
10019168
10009751
10009753
10009760
10014127
10009773
10009842
10009844
10009845
10009852
10009853
20000190
10021043
10009855
10009867
10009869
10014128
10009870
10009900
10009917
10009921
10009976
10009998
10017963
10010028
10010032
10010035
10010078
10010085
10010092
10017047
10010163
10000561
10019154
10021044
10010189
10010190
10010195
10010200
10010203
10010251
10010253
10010256
10010257
10010271
50090000
10010281
10010301
10010302
10010304
10010305
10010313
10010323
10010345
10010346
10010353
10000482
10010361
10010364
10020817
10010420
10010440
10010442
10010457
10010459
10010490
10010494
10019171
10010500
10010504
10010508
10010517
10010520
10010581
10010586
10010592
10010598
10010626
10019161
10014136
10010640
10010657
10010677
10010680
10010681
10010683
10010689
10010690
10010695
10000494
10014143
10010706
10010729
10010734
10010738
10010745
10010751
10010755
10016888
10010761
10019173
10010762
10010765
10014153
10010803
20000210
10010806
10010807
10010809
10010813
10010817
20000030
10010819
10010836
10010874
10014162
10010876
10010889
10010901
10010903
10010915
20000096
20000608
20000221
10010920
10010957
10010964
10010967
10010977
10010988
10010990
10010991
10011001
10011002